6,9,2,3,0,808.8903010000001,5
0,-1.1221941468148335,0.0,True,0,1.0
0,1.8714102334817708,0.0,True,1,1.0
2,-0.6795364157185682,1.0,True,2,1.0
2,0.0,1.0,True,3,1.0
2,-1.4024986859575872,1.0,True,4,1.0
1,-1.7656482603608277,0.5,True,218,1.0
0,2,-0.8361525702002282,True,0
0,3,-0.0716104046673971,True,1
0,4,-0.8373364765555877,True,2
1,2,-2.8395224767296825,True,3
1,3,-2.9886886998880984,True,4
1,4,0.5018659040196816,True,5
1,5,-2.9913225961685903,True,650
5,3,1.0,True,651
0,5,0.050765636168938366,True,1744
