33,134,6,3,0,174.68553398058253
0,-1.0793682321263542,0.0,True,0,1.0
0,-0.9695926963975849,0.0,True,1,1.0
0,-1.7883487152912938,0.0,True,2,1.0
0,-0.40137873135536406,0.0,True,3,1.0
0,0.0,0.0,True,4,1.0
0,1.6311281576771521,0.0,True,5,1.0
2,0.7767856123384402,1.0,True,6,1.0
2,0.0,1.0,True,7,1.0
2,0.036244796250729294,1.0,True,8,1.0
1,-1.6040894594753845,0.33333333333333337,True,104,1.0
1,0.7768435541533363,0.6666666666666666,True,134,1.0
1,1.981341052335099,0.5,True,917,1.0
1,-1.731094305550244,0.4444444444444445,True,918,1.0
1,1.7868417852790333,0.5370370370370371,True,919,1.0
1,-0.05474723165613149,0.6666666666666667,True,920,1.0
1,-1.1715016083426422,0.6666666666666667,True,1066,1.0
1,-0.8507897780411913,0.4444444444444445,True,1079,1.0
1,2.165697887569303,0.5,True,1080,1.0
1,-1.5970584996568848,0.5,True,1170,1.0
1,0.8172543910369514,0.4444444444444445,True,1182,1.0
1,-0.6043729482854459,0.3333333333333333,True,1190,1.0
1,1.901545601145239,0.5,True,1191,1.0
1,-1.6347102542401921,0.3333333333333333,True,1221,1.0
1,0.3165907065398257,0.5185185185185186,True,1266,1.0
1,-1.0744082680060232,0.33333333333333337,True,1334,1.0
1,-1.3190331290147728,0.5,True,1398,1.0
1,-1.2198532842403909,0.6666666666666666,True,1439,1.0
1,0.9653254166217382,0.5,True,1445,1.0
1,-0.2614762090483165,0.5,True,1544,1.0
1,0.20392557693649538,0.16666666666666669,True,1559,1.0
1,1.296719849153754,0.8333333333333334,True,1582,1.0
1,-1.6374634460124693,0.5,True,1619,1.0
1,2.9811157553924774,0.4166666666666667,True,1687,1.0
0,6,-0.5959905287357048,True,0
0,7,0.7069682277350564,True,1
0,8,-2.757213450736915,True,2
1,6,-0.7894528828543006,True,3
1,7,-1.1003491322264094,True,4
1,8,-0.6418799717923223,True,5
2,6,-1.949448041113709,True,6
2,7,-1.3678331816263278,True,7
2,8,0.2026060286689111,True,8
3,6,1.5804968054751298,True,9
3,7,-0.013286223770105687,True,10
3,8,-0.4846372352964974,True,11
4,6,2.6284524536631917,True,12
4,7,-0.829273799527054,True,13
4,8,-0.19848484976436942,True,14
5,6,-2.5636580589480666,True,15
5,7,-2.129834839243199,True,16
5,8,2.445045858627522,True,17
2,9,-2.712339787049883,True,284
9,6,-2.9418662219241174,True,285
3,10,-2.7029196039096615,True,391
10,8,1.0,True,392
4,10,0.24185724142532372,True,998
0,9,0.5079431049162371,True,999
9,10,0.7540286635139579,True,1000
5,9,-2.2662794237486454,True,1001
9,8,1.7340763966607298,True,1002
1,10,2.9514583916131154,True,5170
0,11,-1.0491741948822357,True,7052
11,6,-0.366510149513835,True,7053
9,7,1.1186500083424318,True,7054
2,12,2.952818207635346,True,7055
12,7,1.0,True,7056
3,13,2.145471294750945,True,7057
13,7,-2.9044296783624333,True,7058
9,14,-0.6148741321526621,True,7059
14,8,-2.9715403724336746,True,7060
2,10,1.726084234812888,True,7061
2,13,2.8737061934370725,True,7062
1,9,2.992034375029567,True,7063
10,7,0.9894799422152278,True,7064
0,10,1.9094086347176331,True,8407
10,6,1.4921987431973123,True,8411
4,9,-1.6994926090967626,True,8412
9,15,-1.092892715836228,True,8431
15,8,-1.4498581390762981,True,8432
5,10,-0.9645628271747297,True,8473
9,16,0.30665599153583734,True,8546
16,14,1.0,True,8547
3,17,-1.3555196539510672,True,8548
17,8,1.0,True,8549
3,9,-1.4511159067920203,True,8633
4,12,-0.45735273375021146,True,9452
3,18,-0.30088157044360453,True,9557
18,8,-2.401614760759764,True,9558
11,7,1.0565126590085296,True,9559
1,19,0.3792335448748554,True,9674
19,8,1.0,True,9675
3,20,-1.063080281228274,True,9739
20,10,1.0,True,9740
4,21,-2.68831303537801,True,9741
21,6,-2.644417891854598,True,9742
12,10,0.6766833947882145,True,9989
0,12,1.7209732744399093,True,9990
4,22,1.540323518817952,True,10001
22,10,1.0,True,10002
22,8,-0.3100714819319135,True,10003
9,23,-0.035469237597751224,True,10566
23,15,-2.9722725116808073,True,10567
1,23,-2.5921825515249934,True,10569
3,23,-2.293322977286996,True,10570
1,11,1.4920388412264893,True,10571
13,8,-1.3577829250594815,True,10861
5,14,-2.5586409667861743,True,10863
21,7,-2.1618410307550366,True,10936
5,13,-2.6864817767864366,True,10937
2,21,1.668225572450785,True,10938
22,6,0.22677249129041477,True,10940
3,24,-2.614784564166616,True,11269
24,8,1.301521188228285,True,11270
14,6,-1.653890992476398,True,11362
12,13,1.1488639909629286,True,11363
14,7,-1.1672988663206676,True,11702
5,15,-2.7515118365266185,True,11759
15,7,0.8111382134409688,True,11762
2,11,-0.9101772047415349,True,11884
18,7,-2.284694044138249,True,11885
1,25,-0.9717774919098079,True,11886
25,6,1.3043021179747138,True,11887
25,8,0.14587837758224098,True,11889
25,7,1.4100168757614076,True,11890
12,6,-0.5833595231839734,True,11936
12,8,-0.5031537548124365,True,11937
3,12,-0.762096359926931,True,11987
1,12,0.5893984794835196,True,11989
0,15,-2.0533861790591983,True,12053
5,22,-2.6554645247428508,True,12148
3,11,-0.8653398020502876,True,12216
2,26,-1.6149489462257764,True,12295
26,8,2.0272493739383126,True,12296
4,24,-1.514657490993223,True,12347
11,8,-1.570098375377685,True,12348
0,24,1.6468963429258343,True,12350
2,27,-2.8293616504692585,True,12361
27,8,1.0,True,12362
5,23,-0.7041704110058176,True,12523
11,15,2.64207307695488,True,12836
0,23,-0.32214977767388264,True,12837
1,13,1.7553923016403867,True,12859
12,14,-1.8362417877304882,True,13325
4,28,2.149323462648363,True,13338
28,6,1.0,True,13339
4,14,2.320874280352097,True,13340
10,15,0.23881371741029667,True,13341
4,29,1.2599441072177406,True,13491
29,9,1.0,True,13492
15,30,-2.133977428766995,True,13691
30,8,2.104110922402592,True,13692
2,17,2.975495187048608,True,13693
1,31,2.241476397707199,True,14050
31,7,0.5076577329230716,True,14051
16,13,-2.473421654438055,True,14136
4,17,2.987737275324734,True,14137
16,6,1.0577512815409917,True,14139
15,6,1.3046973146881047,True,14595
2,23,0.7994650708084841,True,14596
18,6,-0.6522576732803009,True,14688
9,32,-2.956613608402215,True,14833
32,16,1.0,True,14834
9,19,2.725807486074425,True,15652
16,17,1.131475351891653,True,16201
24,26,2.4172561495935545,True,16547
19,13,1.637109687417573,True,18007
12,26,0.02791272163116143,True,18008
-80.935,81.935
