8,24,2,3,0,884.9594057500001,5
0,-1.534539120135145,0.0,True,0,1.0
0,0.4101982747238475,0.0,True,1,1.0
2,-1.4670173407365437,1.0,True,2,1.0
2,-1.835300500947938,1.0,True,3,1.0
2,-1.2629863518646607,1.0,True,4,1.0
1,1.7858150921728284,0.75,True,152,1.0
1,1.2129650167413484,0.5,True,182,1.0
1,1.63580360856826,0.25,True,1061,1.0
0,2,-2.5454200386331975,True,0
0,3,1.4374600606964272,True,1
0,4,-2.587134670049398,True,2
1,2,-0.5737532973024595,True,3
1,3,-0.0034114596595702373,True,4
1,4,2.481436468094011,True,5
0,5,0.6630130882965595,True,396
5,3,1.0,True,397
1,6,1.946531299500397,True,472
6,3,-2.0932437716477468,True,473
6,2,0.2600048061367146,True,828
0,6,0.11223739800914379,True,1555
5,2,0.8830324570364825,True,1919
1,5,2.3362543207173916,True,1920
6,4,0.38136942350560754,True,2601
0,7,2.0900136179323967,True,4819
7,6,0.9020825393354284,True,4820
7,3,0.31145172232645546,True,4821
6,5,-1.411659086531997,True,4822
5,4,1.2573282758486126,True,4823
1,7,-0.0321244929190494,True,4824
7,5,-0.2777767166430556,True,4825
7,4,1.8775194045882626,True,4826
7,2,1.5168717776757705,True,4827
