5,9,2,1,0,996.0961028055013
0,-1.6778543729935795,0.0,True,0,1.0
0,1.5583060132924902,0.0,True,1,1.0
2,1.3357681355439341,1.0,True,2,1.0
1,-1.8259383833147442,0.6666666666666666,True,511,1.0
1,-0.09003835960760709,0.33333333333333337,True,1109,1.0
0,2,1.0960303527643978,True,0
1,2,0.20496157972554485,True,1
0,3,-1.3107733347977326,True,1444
3,2,2.834378672507954,True,1445
1,3,2.5805259057683294,True,2369
0,4,-0.7265085252408985,True,3902
4,2,-0.8502438911292913,True,3903
1,4,-2.343512116209775,True,5448
4,3,-0.9200386681791439,True,5449
