34,122,8,4,0,1000
0,-1.539273052586453,0.0,True,0,1.0
0,-1.7689423195090428,0.0,True,1,1.0
0,0.0,0.0,True,2,1.0
0,0.0,0.0,True,3,1.0
0,1.0791412143920458,0.0,True,4,1.0
0,0.0,0.0,True,5,1.0
0,1.2028833950746343,0.0,True,6,1.0
0,-0.49227486778798735,0.0,True,7,1.0
2,0.0,1.0,True,8,1.0
2,1.730236450672391,1.0,True,9,1.0
2,-0.7400790269973125,1.0,True,10,1.0
2,1.2046568404297036,1.0,True,11,1.0
1,-2.4881058771609146,0.5,True,97,1.0
1,1.2895124095970472,0.5,True,179,1.0
1,-0.3527969183252919,0.5,True,242,1.0
1,1.1503082496772765,0.33333333333333337,True,243,1.0
1,0.7102076912473665,0.5,True,268,1.0
1,0.13780468727196693,0.6666666666666666,True,293,1.0
1,1.9318418321603994,0.6666666666666666,True,294,1.0
1,-0.5037995561984179,0.5,True,459,1.0
1,-1.9134814078715423,0.5,True,491,1.0
1,-0.865141169489803,0.5,True,492,1.0
1,-1.6145195740330496,0.5,True,588,1.0
1,2.3227270692347144,0.5,True,637,1.0
1,-1.743972196722471,0.5,True,694,1.0
1,2.193789593295833,0.5,True,757,1.0
1,-1.2334785220023916,0.5,True,763,1.0
1,-0.5737679058379324,0.5,True,897,1.0
1,0.7051259594422561,0.5,True,956,1.0
1,1.3567353164686606,0.5,True,1001,1.0
1,0.8375971851113002,0.75,True,1009,1.0
1,-0.47346308608278553,0.5,True,1013,1.0
1,1.1381009984707486,0.33333333333333337,True,1149,1.0
1,2.6338928904333576,0.25,True,2321,1.0
0,8,-0.18620140036502608,True,0
0,9,1.504961343141356,True,1
0,10,1.379962167693984,True,2
0,11,-2.5880509053003657,True,3
1,8,0.1779138834517653,True,4
1,9,-1.1198159332956754,True,5
1,10,-2.822091222385004,True,6
1,11,1.0722841101061757,True,7
2,8,-1.7314603665659964,True,8
2,9,-0.624676320300773,True,9
2,10,-2.5953249036720725,True,10
2,11,-2.0237575143212845,True,11
3,8,2.875908173795457,True,12
3,9,-1.6722997696786956,True,13
3,10,-2.4336332554347573,True,14
3,11,-0.031492975183407435,True,15
4,8,2.0875172164749096,True,16
4,9,-2.0060921785652464,True,17
4,10,-1.1451129033524943,True,18
4,11,1.7775285980304458,True,19
5,8,0.5501493390760774,True,20
5,9,-2.2488134449419093,True,21
5,10,2.794309859986371,True,22
5,11,2.46188582195574,True,23
6,8,1.9360824877785376,True,24
6,9,2.8634410650429865,True,25
6,10,-0.4547435988144146,True,26
6,11,1.8022089235443248,True,27
7,8,1.0868243533321378,True,28
7,9,-1.545159604284647,True,29
7,10,1.6683586075108185,True,30
7,11,2.853704826336828,True,31
6,12,-0.993753156539799,True,271
12,9,-1.6019772749880512,True,272
6,13,1.7941724855942105,True,498
13,11,-1.3239306825458401,True,499
0,14,-1.3753348767676477,True,692
14,8,-0.723411274860295,True,693
3,15,-1.2479857786963704,True,694
15,10,1.8614461334610088,True,695
3,14,2.287093300510171,True,696
7,16,-0.978183917607701,True,771
16,8,-1.0492530302951448,True,772
0,16,-2.4272058843979867,True,773
7,17,-0.8218913666893077,True,832
17,10,1.0,True,833
2,18,2.60359068975568,True,834
18,11,1.0,True,835
4,19,-2.2043598124722408,True,1468
19,9,1.0,True,1469
2,20,-0.6144817400226401,True,1594
20,10,-2.5371973835759283,True,1595
1,21,-0.022305942063490125,True,1596
21,11,-1.432219443820262,True,1597
2,16,-1.324575607166277,True,1662
16,10,0.29111513620160134,True,1663
14,11,0.29219980083589725,True,1838
2,14,-1.2408833293631583,True,1839
0,22,1.6485917727890451,True,2008
22,11,1.0,True,2009
1,23,-2.194668545547578,True,2190
23,11,1.0,True,2191
3,13,1.7092971932070222,True,2233
2,24,-1.2930712218086409,True,2436
24,11,1.0,True,2437
3,24,0.9007683156796233,True,2438
5,24,0.5271082896531132,True,2439
17,8,-2.2160471088931644,True,2536
7,25,-1.4645214819685732,True,2760
25,9,1.2549724947484673,True,2761
4,26,-2.9883190816408245,True,2788
26,9,2.4307090094640937,True,2789
6,20,0.5614962112874418,True,2989
7,15,-2.351763077456156,True,3152
6,23,-2.9915560709840547,True,3423
23,8,-0.8240685964763323,True,3424
1,27,2.507130299150756,True,3546
27,8,-1.0750985424945005,True,3547
7,13,0.39122230879531594,True,3670
1,13,-1.09352607592928,True,3671
4,28,1.255995269195658,True,3882
28,10,1.0,True,3883
5,29,0.48937191311998496,True,4143
29,9,0.6290508700859097,True,4144
20,30,0.4456139615661461,True,4202
30,10,1.0,True,4203
2,31,-1.6201631863864745,True,4218
31,11,1.0,True,4219
6,27,-2.1870428076180386,True,4424
0,27,0.6523560816811698,True,4425
4,32,0.46234310037496806,True,5178
32,8,1.0,True,5179
22,9,0.30323495844607384,True,5180
5,13,1.590626986958442,True,5256
13,8,0.31950603453489124,True,5257
16,11,2.1640847768137403,True,5713
4,16,2.7524263401527005,True,5714
15,8,1.0366943709869194,True,6172
7,14,-0.44508277125980644,True,6173
23,10,0.045058772717117446,True,6860
31,10,2.3035146463119713,True,6861
12,11,0.12464438832595182,True,7718
16,9,-2.178003892139115,True,7769
5,16,2.751293335873868,True,7770
1,16,-0.9143756925871833,True,9755
5,23,-2.114561062407345,True,10091
5,25,-1.0776089912632258,True,10452
1,28,-2.822329390552933,True,12532
4,24,-1.6392061304559016,True,14296
2,13,-0.5712465642949496,True,14297
6,24,0.9644376555077596,True,14298
13,10,-0.2662121988425894,True,14299
4,13,-0.11543826565946103,True,15193
5,31,0.8977986827133426,True,15239
3,33,0.7493491975035591,True,16050
33,13,1.0,True,16051
4,14,0.05803428922624998,True,19793
32,17,1.6984648222388947,True,19794
0,25,1.8683445937989889,True,23395
33,19,-0.8695302242452094,True,23396
0,24,-1.7976077952747889,True,23397
15,18,0.5757311601698956,True,23398
