24,75,2,3,0,954.3131287691671,1076
0,-1.1553230714265919,0.0,True,0,1.0
0,-0.14367859238039626,0.0,True,1,1.0
2,-1.8635138924107761,1.0,True,2,1.0
2,1.6611497479857307,1.0,True,3,1.0
2,0.4303469478666515,1.0,True,4,1.0
1,-0.7178785158545531,0.5,True,75,1.0
1,1.172332587957863,0.2962962962962963,True,148,1.0
1,1.0849380579811823,0.2962962962962963,True,155,1.0
1,1.6722001337157988,0.6666666666666666,True,357,1.0
1,-2.8787966410527783,0.2962962962962963,True,363,1.0
1,-1.3303552679731472,0.75,True,384,1.0
1,1.5517919529827031,0.5,True,505,1.0
1,-1.202044188504733,0.5,True,537,1.0
1,-0.3544978678771953,0.5,True,642,1.0
1,-0.929139910752685,0.5,True,688,1.0
1,-1.3070198503140564,0.875,True,689,1.0
1,-2.3851113938007096,0.33333333333333337,True,700,1.0
1,-1.3384843412703549,0.75,True,733,1.0
1,0.40933436590864236,0.5,True,783,1.0
1,0.30256874815046864,0.25,True,833,1.0
1,2.7066749253067486,0.2222222222222222,True,985,1.0
1,-0.4932452863019954,0.75,True,989,1.0
1,-0.3731839841521256,0.75,True,1130,1.0
1,-2.6509769142962685,0.9074074074074074,True,1431,1.0
0,2,-0.9397719784967573,True,0
0,3,-0.7194710528564152,True,1
0,4,-0.9556718330741256,True,2
1,2,-0.011176044664847895,True,3
1,3,-2.407149706073647,True,4
1,4,0.2663614106139294,True,5
0,5,0.8335286950869933,True,186
5,3,-1.5602686401648767,True,187
1,6,-2.966645486517912,True,382
6,2,0.6535371240250067,True,383
1,7,-2.6483062150752206,True,402
7,2,1.155225021845044,True,403
5,2,0.8109577216174351,True,803
5,4,1.0205925858926281,True,804
1,5,0.7203024050701923,True,805
1,8,2.6451539924679244,True,1259
8,3,-1.5510778806921197,True,1260
0,8,2.787472966212041,True,1261
1,9,-1.0564524391000312,True,1277
9,3,1.0,True,1278
5,10,1.365321485407777,True,1417
10,2,1.0,True,1418
10,3,-1.7664937969798857,True,1419
6,3,-0.014838406073652388,True,1765
7,4,-0.40857482992792704,True,1787
9,4,-0.2552200299646108,True,1830
0,11,1.7206615528908467,True,2122
11,3,0.9334013054855514,True,2123
6,4,0.9996752508725817,True,2159
7,3,-2.4041983661142656,True,2175
9,2,-0.8676016200586403,True,2329
1,12,2.8697950458942163,True,2348
12,3,0.1656281570853444,True,2349
10,4,2.3715339638649637,True,2661
1,13,-1.8062405472767318,True,3160
13,2,1.0,True,3161
12,4,2.511553349134703,True,3460
1,14,2.3206473005578667,True,3512
14,4,1.0,True,3513
10,15,0.5872866708706364,True,3514
15,2,1.0,True,3515
6,8,1.911566845079427,True,3556
1,16,-1.0994692771752006,True,3712
16,3,-1.690727933690048,True,3713
7,17,1.211171693816546,True,4042
17,4,1.894834815397969,True,4043
1,17,1.492567801711951,True,4044
1,18,-1.7765816501894525,True,4652
18,3,1.0,True,4653
9,8,1.2970546807003647,True,4709
1,19,-0.86917230656298,True,5060
19,7,1.0,True,5061
17,3,-0.371065906287829,True,5211
14,3,-2.7388762029778553,True,5818
9,16,-0.4925327637306329,True,6227
16,4,0.4766072137263744,True,6422
16,5,0.4220733979273661,True,6778
12,2,-1.3974215613029584,True,6813
1,20,0.5183057842661762,True,6830
20,6,1.465306197101599,True,6831
5,21,2.7959561756339175,True,6870
21,3,1.0,True,6871
9,21,1.288531283658116,True,6872
20,3,-1.782570745122022,True,7800
12,17,-1.251754011014421,True,7801
6,22,1.937129842448804,True,8394
22,2,1.0,True,8395
1,15,-2.4659813018132146,True,8462
19,5,-0.12399363697504873,True,8533
8,21,-0.06457756535673309,True,8596
7,16,2.606528469758576,True,9238
6,5,1.3297003444457247,True,9239
18,22,0.21644662298065698,True,10930
9,23,-1.9871930796521975,True,11554
23,4,1.0,True,11555
