6,11,2,3,0,946.9789158973391,1175
0,-0.2856677184983334,0.0,True,0,1.0
0,-0.35633016420433616,0.0,True,1,1.0
2,-0.8550717656834323,1.0,True,2,1.0
2,1.4497826277195571,1.0,True,3,1.0
2,0.0,1.0,True,4,1.0
1,-1.7524719076025292,0.5,True,75,1.0
0,2,-0.9397719784967573,True,0
0,3,0.8438930418225128,True,1
0,4,-0.9556718330741256,True,2
1,2,-1.9657062687493456,True,3
1,3,0.01791467542153269,True,4
1,4,2.39908684011343,True,5
0,5,0.8335286950869933,True,186
5,3,-1.5602686401648767,True,187
5,2,0.8109577216174351,True,803
5,4,1.0205925858926281,True,804
1,5,-1.39855526791638,True,805
