6,9,2,3,0,790.7396175375001,10
0,-1.3907973824208124,0.0,True,0,1.0
0,0.0,0.0,True,1,1.0
2,-1.162862371931527,1.0,True,2,1.0
2,0.0,1.0,True,3,1.0
2,-0.9219682839067045,1.0,True,4,1.0
1,2.65007448843909,0.5,True,303,1.0
0,2,-1.483415317979083,True,0
0,3,-1.5086628125642043,True,1
0,4,-1.4908590350507442,True,2
1,2,-2.36313135329708,True,3
1,3,-2.239980804539436,True,4
1,4,2.6428442820849174,True,5
1,5,-1.8779962602189728,True,780
5,2,1.8750154718762702,True,781
5,3,-1.0927456297802811,True,16461
