40,177,8,4,0,1005.2386730499987
0,-0.2804931014167984,0.0,True,0,1.0
0,0.3083633241985453,0.0,True,1,1.0
0,1.5653541913714375,0.0,True,2,1.0
0,-1.4857102372378925,0.0,True,3,1.0
0,0.891653758924118,0.0,True,4,1.0
0,0.08427637877607186,0.0,True,5,1.0
0,0.7976201118852195,0.0,True,6,1.0
0,0.0,0.0,True,7,1.0
2,-1.6528371468690173,1.0,True,8,1.0
2,0.1932971276623272,1.0,True,9,1.0
2,-1.2575912449364952,1.0,True,10,1.0
2,-0.04111767565563351,1.0,True,11,1.0
1,-0.45309204700140615,0.5,True,16,1.0
1,1.7190587527025776,0.33333333333333337,True,17,1.0
1,-0.4998501515089262,0.6666666666666666,True,36,1.0
1,0.11283465381672331,0.5,True,66,1.0
1,-0.5024793126888141,0.5,True,115,1.0
1,-1.0649964689968638,0.5,True,137,1.0
1,1.421366678127919,0.75,True,155,1.0
1,-1.2538984453180775,0.5,True,187,1.0
1,1.3972694594518664,0.6666666666666666,True,225,1.0
1,-0.20335125721241276,0.5,True,231,1.0
1,1.2466686541429248,0.5,True,250,1.0
1,-0.5016436163969396,0.5,True,251,1.0
1,1.0792854174194022,0.5,True,365,1.0
1,1.0363510142299392,0.5,True,476,1.0
1,0.4397469300439143,0.5,True,555,1.0
1,-0.909423455827866,0.5,True,569,1.0
1,0.041012071034220554,0.25,True,658,1.0
1,-0.9599605096857373,0.5,True,659,1.0
1,-0.038171364122931095,0.25,True,660,1.0
1,0.5403577813178777,0.5,True,747,1.0
1,0.004047836698342966,0.25,True,748,1.0
1,0.8634153638685329,0.75,True,749,1.0
1,-0.9604812409823991,0.5,True,969,1.0
1,-0.4522296627883442,0.5,True,1089,1.0
1,0.7660414710942471,0.75,True,1378,1.0
1,0.41599772670679513,0.75,True,1694,1.0
1,0.5957195403873974,0.3333333333333333,True,1811,1.0
1,1.1724240054702424,0.75,True,1853,1.0
0,8,1.602142877344052,True,0
0,9,-1.8877069566435505,True,1
0,10,1.2548488911170372,True,2
0,11,-2.632520996445371,True,3
1,8,-2.939526475884728,True,4
1,9,2.734297266313872,True,5
1,10,0.8528733645042357,True,6
1,11,1.454848942604391,True,7
2,8,0.30737535590258136,True,8
2,9,1.3613290094628459,True,9
2,10,-0.6138090707022104,True,10
2,11,-2.9021971741823984,True,11
3,8,0.4402622123677189,True,12
3,9,1.8360770231061714,True,13
3,10,-2.013052168507177,True,14
3,11,0.10158648534115611,True,15
4,8,-2.7076310234725733,True,16
4,9,-2.7292952233523504,True,17
4,10,-2.592051844258603,True,18
4,11,1.4255230649466435,True,19
5,8,-2.2334117883651103,True,20
5,9,-1.2568955619297295,True,21
5,10,0.9423967771035417,True,22
5,11,2.69053019725615,True,23
6,8,0.9863780366090267,True,24
6,9,-2.5781776234232874,True,25
6,10,2.8934074204414197,True,26
6,11,-2.5323003075493102,True,27
7,8,2.3586170260286163,True,28
7,9,0.19962840071600296,True,29
7,10,1.8109667041687223,True,30
7,11,2.9341784126694685,True,31
3,12,1.676813716416693,True,45
12,8,-2.585136501255473,True,46
6,13,-2.70793405491791,True,47
13,11,0.25147932130349515,True,48
3,14,2.979560230205699,True,101
14,9,2.871891587199231,True,102
2,14,-0.9363851155814464,True,103
4,14,-2.6718063666331555,True,104
0,14,0.042334343417411935,True,105
5,15,0.8822759670486104,True,182
15,10,-0.1651098956131707,True,183
0,15,2.3338751091059953,True,184
5,16,-1.4836101306585119,True,323
16,8,-0.769056698232379,True,324
0,16,-1.7644327804582687,True,325
2,17,1.0305652394548814,True,385
17,8,0.5654757351584077,True,386
6,18,2.43917779613088,True,450
18,9,-0.8671152820796815,True,451
0,19,-1.5634960880965358,True,545
19,9,-2.5425183153529503,True,546
1,15,-2.0951584472542275,True,673
5,20,-1.229886483711542,True,708
20,8,-0.4077818169102425,True,709
1,20,0.11799609395332089,True,710
7,21,2.001679548561288,True,741
21,9,1.2106853912938678,True,742
5,22,0.6224640778086958,True,853
22,11,2.49718266187239,True,854
0,22,0.6251260941804822,True,855
5,14,-2.718722540053495,True,856
2,23,-0.8605002940680737,True,857
23,10,2.8190884475021374,True,858
1,14,-0.7235604535215323,True,869
7,19,-1.3548823876561673,True,1080
4,15,2.255935256853642,True,1084
13,9,1.5678189054736391,True,1167
13,10,-1.8678536747700973,True,1168
13,8,2.481742532179484,True,1169
2,16,-1.1478529132753634,True,1219
12,10,-1.1479812827395686,True,1234
18,8,1.3315174213373187,True,1294
6,23,-0.5604136806797533,True,1353
23,11,2.4682647613725006,True,1354
4,22,-0.39735409775432906,True,1385
22,9,2.8563733873195316,True,1386
7,13,-0.2781575149328577,True,1450
1,13,-0.9211326252258334,True,1452
3,13,0.31793885331677485,True,1453
4,24,1.6595415538481935,True,1544
24,10,2.3883494489317467,True,1545
6,14,2.390146677747062,True,1604
14,10,0.7547809311253642,True,1605
5,18,1.5488048171955824,True,1641
2,19,-2.754683327432717,True,1905
4,19,1.2479194710898849,True,1906
19,8,-0.9341073389066081,True,1907
6,19,1.8808189329020235,True,1908
1,19,-0.26611037411707406,True,1909
19,10,-1.4871925530103944,True,1910
1,16,-2.762488120781615,True,1977
22,8,2.948685599352052,True,2255
0,25,0.758101045428694,True,2398
25,10,0.7259390733080144,True,2399
3,25,-0.7220582797966031,True,2400
7,17,1.6009038246737113,True,2681
17,9,-0.8624296069383726,True,2682
3,18,-0.7102725058640877,True,2938
3,26,2.9047190829398826,True,2939
26,9,1.242858248096713,True,2940
7,27,0.017659981173147044,True,3030
27,9,-0.2879687377562832,True,3031
7,25,-0.07044639612653159,True,3701
21,8,2.7846963127611772,True,4000
0,18,-1.218109164499102,True,4001
0,28,2.17766591107368,True,4129
28,16,1.0,True,4130
3,29,1.1759151349098391,True,4131
29,8,-1.9695030416286066,True,4132
0,30,-1.002967215153426,True,4133
30,14,-0.9402012956704473,True,4134
4,12,2.015093956997722,True,4135
3,30,0.682827454216818,True,4136
1,31,1.3182724967793384,True,4951
31,8,-2.6053036336633517,True,4952
1,32,-0.7773203602480698,True,4953
32,31,1.8645857829165833,True,4954
21,33,2.7938046624938537,True,4955
33,8,1.0978456087346913,True,4956
4,18,2.7033628155197214,True,5436
0,13,0.514867836093591,True,5437
16,9,-1.0278793193596865,True,5800
13,14,-2.5530837432139855,True,6245
2,29,-0.27878606808627526,True,6246
23,9,2.5170780405904454,True,7099
5,34,0.4056535847757059,True,7226
34,9,1.0,True,7227
25,11,-1.7009561840655139,True,8193
7,35,1.6874892147251321,True,8388
35,11,1.0,True,8389
20,9,1.08173343643763,True,9913
0,17,-0.6109937823980947,True,11194
13,29,2.6609032616063923,True,11520
36,9,1.0,True,11524
28,9,1.8207634152932046,True,11525
28,18,-0.9286835299070915,True,11526
3,19,1.1238066505424122,True,12878
29,10,-2.504704821994916,True,12985
0,12,-0.8068137495066963,True,12986
4,32,1.8669537154896139,True,13187
32,25,2.7885251750674853,True,13188
14,33,2.5268753987205153,True,13189
6,33,-0.5461782141212215,True,13949
6,28,0.5717968535550471,True,14048
17,33,-1.959773272871377,True,14079
3,21,-0.27625521278671683,True,14080
29,9,-1.0060458594515747,True,14129
0,29,-0.34876814112162946,True,14130
2,28,2.166792172560272,True,14165
1,12,1.3656189686048377,True,14173
30,9,-2.389562711808469,True,14796
12,37,-1.1614326175417475,True,14970
37,10,1.0,True,14971
7,37,1.247229576550284,True,14972
7,12,-1.7190723175025209,True,14973
28,29,2.331053668066318,True,15027
30,20,0.2862956345057317,True,15741
36,8,-0.6000315315877993,True,15742
6,29,-2.297367072952431,True,15743
4,13,2.674368563966717,True,15744
32,21,-2.4059408099459714,True,15745
17,11,-1.5375468159744963,True,15746
32,14,1.1250914633996134,True,15747
1,28,-1.7935749571428783,True,16087
28,8,2.360148291214191,True,16088
3,38,0.7875649841127794,True,16289
38,14,1.0,True,16290
29,11,-0.8196217075269836,True,16706
4,36,-0.37284162083079075,True,16749
15,39,2.9180745074372516,True,16750
39,10,2.219835729811718,True,16751
38,37,2.0032684845432995,True,17452
6,35,-2.1123850704635645,True,18003
6,22,2.613766135021703,True,18004
22,20,-1.6047022441816217,True,20306
