CartPole-v1,2,0.1,0.1,0.01,0.5,0.05,4,2,5,7
6,8,4,2,0,130.9674092975452
0,1.050461518287665,0.0,True,0,1.0
0,0.6655203719608727,0.0,True,1,1.0
0,0.0,0.0,True,2,1.0
0,0.0,0.0,True,3,1.0
2,1.9209558042719332,1.0,True,4,1.0
2,0.0,1.0,True,5,1.0
0,4,-1.3016004189240633,True,0
0,5,0.9497386106157066,True,1
1,4,-2.21327713631527,True,2
1,5,-1.6802972905410043,True,3
2,4,-2.321913738888637,True,4
2,5,-0.1887517230611213,True,5
3,4,1.7858582495798114,True,6
3,5,2.3813921502426467,True,7
6,8,4,2,0,999.6702980682358
0,0.14319426292551896,0.0,True,0,1.0
0,0.6655203719608727,0.0,True,1,1.0
0,0.0,0.0,True,2,1.0
0,0.0,0.0,True,3,1.0
2,1.9209558042719332,1.0,True,4,1.0
2,0.0,1.0,True,5,1.0
0,4,-1.3016004189240633,True,0
0,5,0.9497386106157066,True,1
1,4,-2.21327713631527,True,2
1,5,-1.6802972905410043,True,3
2,4,-2.321913738888637,True,4
2,5,2.52691509965676,True,5
3,4,1.374861990408714,True,6
3,5,2.3813921502426467,True,7
